[
  [ 'L', 'C', 'G', 'M', 'Q' ],
  [
    'G', 'H', 'F',
    'T', 'C', 'L',
    'D', 'R'
  ],
  [
    'R', 'W', 'T',
    'M', 'N', 'F',
    'J', 'V'
  ],
  [ 'P', 'Q', 'V', 'D', 'F', 'J' ],
  [
    'T', 'B', 'L',
    'S', 'M', 'F',
    'N'
  ],
  [
    'P', 'D', 'C',
    'H', 'V', 'N',
    'R'
  ],
  [ 'T', 'C', 'H' ],
  [
    'P', 'H', 'N',
    'Z', 'V', 'J',
    'S', 'G'
  ],
  [ 'G', 'H', 'F', 'Z' ]
]
------------
[
  5, 8, 8, 6, 7,
  7, 3, 8, 4
]
------------
[
  5, 8, 8, 6, 7,
  7, 3, 8, 4
]
------------
[
  5, 8, 8, 6, 7,
  7, 3, 8, 4
]
------------
[
  5, 8, 8, 6, 7,
  7, 3, 8, 4
]
------------
[
  5, 8, 8, 6, 7,
  7, 3, 8, 4
]
------------
[
  5, 8, 8, 6, 7,
  7, 3, 8, 4
]
------------
[
  5, 8, 8, 6, 7,
  7, 3, 8, 4
]
------------
[
  5, 8, 8, 6, 7,
  7, 3, 8, 4
]
------------
[
  5, 8, 8, 6, 7,
  7, 3, 8, 4
]
------------
[
  5, 8, 8, 6, 7,
  7, 3, 8, 4
]
------------
[
  5, 13, 8, 6, 7,
  7,  3, 3, 4
]
------------
[
  5, 13, 8, 6, 7,
  7,  3, 3, 4
]
------------
[
  5, 13, 5, 6, 7,
  7,  3, 3, 7
]
------------
[
  5, 13, 5, 6, 7,
  7,  3, 3, 7
]
------------
[
  10, 13, 5, 6, 7,
   7,  3, 3, 2
]
------------
[
  10, 13, 5, 6, 7,
   7,  3, 3, 2
]
------------
[
  10, 13, 5, 4, 7,
   7,  5, 3, 2
]
------------
[
  10, 13, 5, 4, 7,
   7,  5, 3, 2
]
------------
[
  10, 8, 5, 9, 7,
   7, 5, 3, 2
]
------------
[
  10, 8, 5, 9, 7,
   7, 5, 3, 2
]
------------
[
  11, 8, 5, 9, 7,
   7, 4, 3, 2
]
------------
[
  11, 8, 5, 9, 7,
   7, 4, 3, 2
]
------------
[
  6, 8, 5, 9, 12,
  7, 4, 3, 2
]
------------
[
  6, 8, 5, 9, 12,
  7, 4, 3, 2
]
------------
[
  6, 8, 13, 9, 4,
  7, 4,  3, 2
]
------------
[
  6, 8, 13, 9, 4,
  7, 4,  3, 2
]
------------
[
  6,  8, 13, 0, 4,
  7, 13,  3, 2
]
------------
[
  6,  8, 13, 0, 4,
  7, 13,  3, 2
]
------------
[
  6,  9, 13, 0, 4,
  6, 13,  3, 2
]
------------
[
  6,  9, 13, 0, 4,
  6, 13,  3, 2
]
------------
[
  6, 13, 9, 0, 4,
  6, 13, 3, 2
]
------------
[
  6, 13, 9, 0, 4,
  6, 13, 3, 2
]
------------
[
  10, 13, 5, 0, 4,
   6, 13, 3, 2
]
------------
[
  10, 13, 5, 0, 4,
   6, 13, 3, 2
]
------------
[
  13, 13, 5, 0, 1,
   6, 13, 3, 2
]
------------
[
  13, 13, 5, 0, 1,
   6, 13, 3, 2
]
------------
[
  14, 13, 5, 0, 0,
   6, 13, 3, 2
]
------------
[
  14, 13, 5, 0, 0,
   6, 13, 3, 2
]
------------
[
  14, 13, 5, 0, 0,
   6, 13, 3, 2
]
------------
[
  14, 13, 5, 0, 0,
   6, 13, 3, 2
]
------------
[
  12, 13, 5, 2, 0,
   6, 13, 3, 2
]
------------
[
  12, 13, 5, 2, 0,
   6, 13, 3, 2
]
------------
[
  12, 13, 5, 0, 0,
   6, 13, 3, 4
]
------------
[
  12, 13, 5, 0, 0,
   6, 13, 3, 4
]
------------
[
  12, 13, 5, 0, 0,
   6, 13, 3, 4
]
------------
[
  12, 13, 5, 0, 0,
   6, 13, 3, 4
]
------------
[
  12, 13, 8, 0, 0,
   6, 13, 0, 4
]
------------
[
  12, 13, 8, 0, 0,
   6, 13, 0, 4
]
------------
[
  12, 12, 8, 0, 0,
   6, 13, 0, 5
]
------------
[
  12, 12, 8, 0, 0,
   6, 13, 0, 5
]
------------
[
  12,  9, 8, 0, 0,
   6, 16, 0, 5
]
------------
[
  12,  9, 8, 0, 0,
   6, 16, 0, 5
]
------------
[
  12,  9, 8, 0, 3,
   6, 13, 0, 5
]
------------
[
  12,  9, 8, 0, 3,
   6, 13, 0, 5
]
------------
[
  12,  9, 10, 0, 3,
   6, 13,  0, 3
]
------------
[
  12,  9, 10, 0, 3,
   6, 13,  0, 3
]
------------
[
  12,  9, 10, 0, 9,
   0, 13,  0, 3
]
------------
[
  12,  9, 10, 0, 9,
   0, 13,  0, 3
]
------------
[
  2,  9, 10, 0, 19,
  0, 13,  0, 3
]
------------
[
  2,  9, 10, 0, 19,
  0, 13,  0, 3
]
------------
[
  2,  9, 0, 0, 19,
  0, 23, 0, 3
]
------------
[
  2,  9, 0, 0, 19,
  0, 23, 0, 3
]
------------
[
  2,  9, 0, 0, 19,
  0, 23, 0, 3
]
------------
[
  2,  9, 0, 0, 19,
  0, 23, 0, 3
]
------------
[
  3,  8, 0, 0, 19,
  0, 23, 0, 3
]
------------
[
  3,  8, 0, 0, 19,
  0, 23, 0, 3
]
------------
[
  3,  8, 0, 0, 19,
  0, 23, 0, 3
]
------------
[
  3,  8, 0, 0, 19,
  0, 23, 0, 3
]
------------
[
  3,  8, 0, 0, 19,
  0, 23, 0, 3
]
------------
[
  3,  8, 0, 0, 19,
  0, 23, 0, 3
]
------------
[
  3,  8, 0, 0, 19,
  0, 23, 0, 3
]
------------
[
  3,  8, 0, 0, 19,
  0, 23, 0, 3
]
------------
[
  6,  8, 0, 0, 19,
  0, 23, 0, 0
]
------------
[
  6,  8, 0, 0, 19,
  0, 23, 0, 0
]
------------
[
  6,  8, 0, 0, 19,
  0, 23, 0, 0
]
------------
[
  6,  8, 0, 0, 19,
  0, 23, 0, 0
]
------------
[
  0,  8, 0, 6, 19,
  0, 23, 0, 0
]
------------
[
  0,  8, 0, 6, 19,
  0, 23, 0, 0
]
------------
[
  0,  8, 0, 6, 19,
  0, 23, 0, 0
]
------------
[
  0,  8, 0, 6, 19,
  0, 23, 0, 0
]
------------
[
  0,  8, 0, 6, 19,
  0, 23, 0, 0
]
------------
[
  0,  8, 0, 6, 19,
  0, 23, 0, 0
]
------------
[
  0,  8, 0, 6, 19,
  0, 23, 0, 0
]
------------
[
  0,  8, 0, 6, 19,
  0, 23, 0, 0
]
------------
[
  0,  8, 0, 6, 19,
  0, 23, 0, 0
]
------------
[
  0,  8, 0, 6, 19,
  0, 23, 0, 0
]
------------
[
  0,  8, 0, 6, 19,
  0, 23, 0, 0
]
------------
[
  0,  8, 0, 6, 19,
  0, 23, 0, 0
]
------------
[
  0,  8, 0, 6, 19,
  0, 23, 0, 0
]
------------
[
  0,  8, 0, 6, 19,
  0, 23, 0, 0
]
------------
[
  0,  8, 4, 2, 19,
  0, 23, 0, 0
]
------------
[
  0,  8, 4, 2, 19,
  0, 23, 0, 0
]
------------
[
  0,  8, 4, 2, 10,
  9, 23, 0, 0
]
------------
[
  0,  8, 4, 2, 10,
  9, 23, 0, 0
]
------------
[
  0,  8, 4, 2, 2,
  9, 31, 0, 0
]
------------
[
  0,  8, 4, 2, 2,
  9, 31, 0, 0
]
------------
[
  0,  8, 4, 4, 2,
  7, 31, 0, 0
]
------------
[
  0,  8, 4, 4, 2,
  7, 31, 0, 0
]
------------
[
  0,  8, 4, 7, 2,
  7, 28, 0, 0
]
------------
[
  0,  8, 4, 7, 2,
  7, 28, 0, 0
]
------------
[
  0,  8, 4, 8, 1,
  7, 28, 0, 0
]
------------
[
  0,  8, 4, 8, 1,
  7, 28, 0, 0
]
------------
[
  0,  8, 4, 8, 0,
  7, 28, 0, 1
]
------------
[
  0,  8, 4, 8, 0,
  7, 28, 0, 1
]
------------
[
  0,  8, 4, 8, 0,
  7, 28, 0, 1
]
------------
[
  0,  8, 4, 8, 0,
  7, 28, 0, 1
]
------------
[
  0,  9, 4, 8, 0,
  7, 28, 0, 0
]
------------
[
  0,  9, 4, 8, 0,
  7, 28, 0, 0
]
------------
[
  0,  9, 4, 8, 0,
  7, 28, 0, 0
]
------------
[
  0,  9, 4, 8, 0,
  7, 28, 0, 0
]
------------
[
  0,  9, 4, 8, 5,
  2, 28, 0, 0
]
------------
[
  0,  9, 4, 8, 5,
  2, 28, 0, 0
]
------------
[
  0,  9, 4, 8, 5,
  2, 28, 0, 0
]
------------
[
  0,  9, 4, 8, 5,
  2, 28, 0, 0
]
------------
[
  0,  9, 4, 8, 0,
  2, 28, 0, 5
]
------------
[
  0,  9, 4, 8, 0,
  2, 28, 0, 5
]
------------
[
  0,  9, 1, 8, 0,
  2, 28, 3, 5
]
------------
[
  0,  9, 1, 8, 0,
  2, 28, 3, 5
]
------------
[
  0,  9, 6, 8, 0,
  2, 28, 3, 0
]
------------
[
  0,  9, 6, 8, 0,
  2, 28, 3, 0
]
------------
[
  0,  9, 9, 8, 0,
  2, 28, 0, 0
]
------------
[
  0,  9, 9, 8, 0,
  2, 28, 0, 0
]
------------
[
  0,  9, 7, 10, 0,
  2, 28, 0,  0
]
------------
[
  0,  9, 7, 10, 0,
  2, 28, 0,  0
]
------------
[
  0,  9, 7, 10, 0,
  2, 28, 0,  0
]
------------
[
  0,  9, 7, 10, 0,
  2, 28, 0,  0
]
------------
[
  0,  9, 6, 10, 0,
  2, 28, 0,  1
]
------------
[
  0,  9, 6, 10, 0,
  2, 28, 0,  1
]
------------
[
  0,  9, 4, 12, 0,
  2, 28, 0,  1
]
------------
[
  0,  9, 4, 12, 0,
  2, 28, 0,  1
]
------------
[
  0,  7, 4, 14, 0,
  2, 28, 0,  1
]
------------
[
  0,  7, 4, 14, 0,
  2, 28, 0,  1
]
------------
[
  0,  7, 4, 14, 0,
  2, 28, 0,  1
]
------------
[
  0,  7, 4, 14, 0,
  2, 28, 0,  1
]
------------
[
  4,  7, 4, 14, 0,
  2, 24, 0,  1
]
------------
[
  4,  7, 4, 14, 0,
  2, 24, 0,  1
]
------------
[
  4,  7, 4, 14, 0,
  5, 21, 0,  1
]
------------
[
  4,  7, 4, 14, 0,
  5, 21, 0,  1
]
------------
[
  4,  7, 4, 14, 0,
  5, 21, 0,  1
]
------------
[
  4,  7, 4, 14, 0,
  5, 21, 0,  1
]
------------
[
  4,  7, 4, 14, 1,
  4, 21, 0,  1
]
------------
[
  4,  7, 4, 14, 1,
  4, 21, 0,  1
]
------------
[
  4,  7, 4, 14, 1,
  4, 21, 1,  0
]
------------
[
  4,  7, 4, 14, 1,
  4, 21, 1,  0
]
------------
[
  4,  7, 5, 14, 1,
  4, 21, 0,  0
]
------------
[
  4,  7, 5, 14, 1,
  4, 21, 0,  0
]
------------
[
  4,  5, 5, 14, 3,
  4, 21, 0,  0
]
------------
[
  4,  5, 5, 14, 3,
  4, 21, 0,  0
]
------------
[
  4,  5, 5, 14, 2,
  5, 21, 0,  0
]
------------
[
  4,  5, 5, 14, 2,
  5, 21, 0,  0
]
------------
[
  4,  5, 5, 14, 2,
  4, 21, 1,  0
]
------------
[
  4,  5, 5, 14, 2,
  4, 21, 1,  0
]
------------
[
  4,  6, 4, 14, 2,
  4, 21, 1,  0
]
------------
[
  4,  6, 4, 14, 2,
  4, 21, 1,  0
]
------------
[
  4,  7, 4, 14, 2,
  4, 21, 0,  0
]
------------
[
  4,  7, 4, 14, 2,
  4, 21, 0,  0
]
------------
[
  4,  0, 4, 14, 2,
  4, 21, 7,  0
]
------------
[
  4,  0, 4, 14, 2,
  4, 21, 7,  0
]
------------
[
  4,  0,  4, 14, 2,
  1, 21, 10,  0
]
------------
[
  4,  0,  4, 14, 2,
  1, 21, 10,  0
]
------------
[
  4,  0, 14, 14, 2,
  1, 21,  0,  0
]
------------
[
  4,  0, 14, 14, 2,
  1, 21,  0,  0
]
------------
[
  4,  0, 14, 14, 2,
  1, 21,  0,  0
]
------------
[
  4,  0, 14, 14, 2,
  1, 21,  0,  0
]
------------
[
  4,  0, 14, 13, 2,
  2, 21,  0,  0
]
------------
[
  4,  0, 14, 13, 2,
  2, 21,  0,  0
]
------------
[
  4, 14, 0, 13, 2,
  2, 21, 0,  0
]
------------
[
  4, 14, 0, 13, 2,
  2, 21, 0,  0
]
------------
[
  4, 14, 0, 13, 2,
  2, 21, 0,  0
]
------------
[
  4, 14, 0, 13, 2,
  2, 21, 0,  0
]
------------
[
  4, 14, 0, 13, 2,
  2, 21, 0,  0
]
------------
[
  4, 14, 0, 13, 2,
  2, 21, 0,  0
]
------------
[
  4,  0, 0, 27, 2,
  2, 21, 0,  0
]
------------
[
  4,  0, 0, 27, 2,
  2, 21, 0,  0
]
------------
[
  4,  0, 0, 28, 2,
  2, 20, 0,  0
]
------------
[
  4,  0, 0, 28, 2,
  2, 20, 0,  0
]
------------
[
  4,  0, 0, 28, 2,
  1, 21, 0,  0
]
------------
[
  4,  0, 0, 28, 2,
  1, 21, 0,  0
]
------------
[
  4,  0, 0, 28, 2,
  1, 21, 0,  0
]
------------
[
  4,  0, 0, 28, 2,
  1, 21, 0,  0
]
------------
[
  4,  0, 0, 28, 2,
  1, 21, 0,  0
]
------------
[
  4,  0, 0, 28, 2,
  1, 21, 0,  0
]
------------
[
  4,  0, 0, 28, 2,
  1, 21, 0,  0
]
------------
[
  4,  0, 0, 28, 2,
  1, 21, 0,  0
]
------------
[
  4,  0, 0, 27, 2,
  1, 21, 1,  0
]
------------
[
  4,  0, 0, 27, 2,
  1, 21, 1,  0
]
------------
[
  4,  0, 4, 23, 2,
  1, 21, 1,  0
]
------------
[
  4,  0, 4, 23, 2,
  1, 21, 1,  0
]
------------
[
  4,  0, 4, 20, 2,
  1, 21, 4,  0
]
------------
[
  4,  0, 4, 20, 2,
  1, 21, 4,  0
]
------------
[
   4, 0, 4, 20, 2,
  15, 7, 4,  0
]
------------
[
   4, 0, 4, 20, 2,
  15, 7, 4,  0
]
------------
[
   4, 0, 4, 20, 2,
  15, 7, 4,  0
]
------------
[
   4, 0, 4, 20, 2,
  15, 7, 4,  0
]
------------
[
   4, 0, 4, 20, 2,
  15, 7, 4,  0
]
------------
[
   4, 0, 4, 20, 2,
  15, 7, 4,  0
]
------------
[
   4, 0, 0, 20, 2,
  19, 7, 4,  0
]
------------
[
   4, 0, 0, 20, 2,
  19, 7, 4,  0
]
------------
[
   4, 0, 0, 20, 2,
  19, 7, 4,  0
]
------------
[
   4, 0, 0, 20, 2,
  19, 7, 4,  0
]
------------
[
   4, 14, 0, 6, 2,
  19,  7, 4, 0
]
------------
[
   4, 14, 0, 6, 2,
  19,  7, 4, 0
]
------------
[
   4, 14, 3, 6, 2,
  16,  7, 4, 0
]
------------
[
   4, 14, 3, 6, 2,
  16,  7, 4, 0
]
------------
[
  4, 14,  3, 6, 2,
  0,  7, 20, 0
]
------------
[
  4, 14,  3, 6, 2,
  0,  7, 20, 0
]
------------
[
  4, 14, 3, 6, 2,
  0, 23, 4, 0
]
------------
[
  4, 14, 3, 6, 2,
  0, 23, 4, 0
]
------------
[
  4, 14, 3, 6, 2,
  0, 23, 4, 0
]
------------
[
  4, 14, 3, 6, 2,
  0, 23, 4, 0
]
------------
[
  4, 17, 0, 6, 2,
  0, 23, 4, 0
]
------------
[
  4, 17, 0, 6, 2,
  0, 23, 4, 0
]
------------
[
  4, 17, 0, 6, 2,
  0, 23, 4, 0
]
------------
[
  4, 17, 0, 6, 2,
  0, 23, 4, 0
]
------------
[
  4, 17, 0, 6, 25,
  0,  0, 4, 0
]
------------
[
  4, 17, 0, 6, 25,
  0,  0, 4, 0
]
------------
[
  4, 17, 0, 6, 25,
  0,  0, 4, 0
]
------------
[
  4, 17, 0, 6, 25,
  0,  0, 4, 0
]
------------
[
  4, 17, 0, 6, 25,
  0,  0, 4, 0
]
------------
[
  4, 17, 0, 6, 25,
  0,  0, 4, 0
]
------------
[
  4, 17, 0, 6, 25,
  0,  0, 4, 0
]
------------
[
  4, 17, 0, 6, 25,
  0,  0, 4, 0
]
------------
[
  4, 17, 0, 6, 25,
  2,  0, 2, 0
]
------------
[
  4, 17, 0, 6, 25,
  2,  0, 2, 0
]
------------
[
  6, 17, 0, 6, 25,
  0,  0, 2, 0
]
------------
[
  6, 17, 0, 6, 25,
  0,  0, 2, 0
]
------------
[
  6, 17, 0, 6, 25,
  0,  0, 2, 0
]
------------
[
  6, 17, 0, 6, 25,
  0,  0, 2, 0
]
------------
[
  6, 17, 0, 6, 25,
  0,  0, 2, 0
]
------------
[
  6, 17, 0, 6, 25,
  0,  0, 2, 0
]
------------
[
  3, 17, 0, 6, 25,
  3,  0, 2, 0
]
------------
[
  3, 17, 0, 6, 25,
  3,  0, 2, 0
]
------------
[
  3, 17, 3, 6, 25,
  0,  0, 2, 0
]
------------
[
  3, 17, 3, 6, 25,
  0,  0, 2, 0
]
------------
[
   3, 17, 3, 6, 0,
  25,  0, 2, 0
]
------------
[
   3, 17, 3, 6, 0,
  25,  0, 2, 0
]
------------
[
   3, 17, 3, 6, 0,
  27,  0, 0, 0
]
------------
[
   3, 17, 3, 6, 0,
  27,  0, 0, 0
]
------------
[
   3, 17, 3, 6, 0,
  27,  0, 0, 0
]
------------
[
   3, 17, 3, 6, 0,
  27,  0, 0, 0
]
------------
[
   3, 17, 3, 6, 0,
  27,  0, 0, 0
]
------------
[
   3, 17, 3, 6, 0,
  27,  0, 0, 0
]
------------
[
   3, 17, 3, 4, 0,
  29,  0, 0, 0
]
------------
[
   3, 17, 3, 4, 0,
  29,  0, 0, 0
]
------------
[
   2, 17, 3, 4, 0,
  29,  0, 0, 1
]
------------
[
   2, 17, 3, 4, 0,
  29,  0, 0, 1
]
------------
[
   2, 15, 3, 4, 0,
  29,  0, 2, 1
]
------------
[
   2, 15, 3, 4, 0,
  29,  0, 2, 1
]
------------
[
   2, 15, 3, 4, 0,
  29,  0, 2, 1
]
------------
[
   2, 15, 3, 4, 0,
  29,  0, 2, 1
]
------------
[
   0, 15, 3, 4, 0,
  29,  0, 4, 1
]
------------
[
   0, 15, 3, 4, 0,
  29,  0, 4, 1
]
------------
[
   0, 15, 3, 4, 0,
  29,  0, 4, 1
]
------------
[
   0, 15, 3, 4, 0,
  29,  0, 4, 1
]
------------
[
   0, 15, 7, 4, 0,
  29,  0, 0, 1
]
------------
[
   0, 15, 7, 4, 0,
  29,  0, 0, 1
]
------------
[
   0, 3, 7, 4, 12,
  29, 0, 0, 1
]
------------
[
   0, 3, 7, 4, 12,
  29, 0, 0, 1
]
------------
[
   3, 0, 7, 4, 12,
  29, 0, 0, 1
]
------------
[
   3, 0, 7, 4, 12,
  29, 0, 0, 1
]
------------
[
   3, 0, 5, 4, 12,
  29, 0, 0, 3
]
------------
[
   3, 0, 5, 4, 12,
  29, 0, 0, 3
]
------------
[
   3, 0,  5, 4, 0,
  29, 0, 12, 3
]
------------
[
   3, 0,  5, 4, 0,
  29, 0, 12, 3
]
------------
[
   1, 0,  5, 6, 0,
  29, 0, 12, 3
]
------------
[
   1, 0,  5, 6, 0,
  29, 0, 12, 3
]
------------
[
   1, 0,  5, 6, 0,
  29, 0, 12, 3
]
------------
[
   1, 0,  5, 6, 0,
  29, 0, 12, 3
]
------------
[
   1, 0,  3, 8, 0,
  29, 0, 12, 3
]
------------
[
   1, 0,  3, 8, 0,
  29, 0, 12, 3
]
------------
[
   1, 0, 3, 8, 0,
  29, 0, 7, 8
]
------------
[
   1, 0, 3, 8, 0,
  29, 0, 7, 8
]
------------
[
   1, 0, 3, 8, 0,
  34, 0, 7, 3
]
------------
[
   1, 0, 3, 8, 0,
  34, 0, 7, 3
]
------------
[
   1, 0, 3, 8, 0,
  34, 0, 7, 3
]
------------
[
   1, 0, 3, 8, 0,
  34, 0, 7, 3
]
------------
[
   1, 0, 3, 9, 0,
  33, 0, 7, 3
]
------------
[
   1, 0, 3, 9, 0,
  33, 0, 7, 3
]
------------
[
   0, 1, 3, 9, 0,
  33, 0, 7, 3
]
------------
[
   0, 1, 3, 9, 0,
  33, 0, 7, 3
]
------------
[
   0, 1, 3, 9, 7,
  33, 0, 0, 3
]
------------
[
   0, 1, 3, 9, 7,
  33, 0, 0, 3
]
------------
[
   0, 1, 3, 9, 7,
  28, 0, 5, 3
]
------------
[
   0, 1, 3, 9, 7,
  28, 0, 5, 3
]
------------
[
   0, 0, 3, 9, 8,
  28, 0, 5, 3
]
------------
[
   0, 0, 3, 9, 8,
  28, 0, 5, 3
]
------------
[
   0, 0, 3, 9, 8,
  28, 0, 5, 3
]
------------
[
   0, 0, 3, 9, 8,
  28, 0, 5, 3
]
------------
[
   5, 0, 3, 9, 8,
  28, 0, 0, 3
]
------------
[
   5, 0, 3, 9, 8,
  28, 0, 0, 3
]
------------
[
   5, 0, 3, 8, 8,
  29, 0, 0, 3
]
------------
[
   5, 0, 3, 8, 8,
  29, 0, 0, 3
]
------------
[
   5, 0, 0, 8, 8,
  29, 0, 0, 6
]
------------
[
   5, 0, 0, 8, 8,
  29, 0, 0, 6
]
------------
[
   5, 0, 0, 7, 8,
  30, 0, 0, 6
]
------------
[
   5, 0, 0, 7, 8,
  30, 0, 0, 6
]
------------
[
   5, 0, 0,  7, 8,
  18, 0, 0, 18
]
------------
[
   5, 0, 0,  7, 8,
  18, 0, 0, 18
]
------------
[
   5, 0, 0,  7, 8,
  18, 0, 0, 18
]
------------
[
   5, 0, 0,  7, 8,
  18, 0, 0, 18
]
------------
[
   5, 0, 0,  7, 8,
  18, 0, 0, 18
]
------------
[
   5, 0, 0,  7, 8,
  18, 0, 0, 18
]
------------
[
   5, 0, 0,  2, 8,
  18, 0, 0, 23
]
------------
[
   5, 0, 0,  2, 8,
  18, 0, 0, 23
]
------------
[
   5, 0, 0,  2, 8,
  18, 0, 0, 23
]
------------
[
   5, 0, 0,  2, 8,
  18, 0, 0, 23
]
------------
[
  12, 0, 0,  2, 1,
  18, 0, 0, 23
]
------------
[
  12, 0, 0,  2, 1,
  18, 0, 0, 23
]
------------
[
  12, 0, 0,  2, 0,
  18, 0, 1, 23
]
------------
[
  12, 0, 0,  2, 0,
  18, 0, 1, 23
]
------------
[
  12, 0, 0,  2, 0,
  18, 0, 1, 23
]
------------
[
  12, 0, 0,  2, 0,
  18, 0, 1, 23
]
------------
[
  12, 0, 0,  2, 0,
  18, 0, 1, 23
]
------------
[
  12, 0, 0,  2, 0,
  18, 0, 1, 23
]
------------
[
  12, 0, 0,  2, 0,
  18, 0, 1, 23
]
------------
[
  12, 0, 0,  2, 0,
  18, 0, 1, 23
]
------------
[
  12, 0, 0,  0, 0,
  18, 0, 1, 25
]
------------
[
  12, 0, 0,  0, 0,
  18, 0, 1, 25
]
------------
[
  12, 0, 0,  0, 0,
  18, 0, 1, 25
]
------------
[
  12, 0, 0,  0, 0,
  18, 0, 1, 25
]
------------
[
  12, 0, 0,  0, 0,
  18, 0, 1, 25
]
------------
[
  12, 0, 0,  0, 0,
  18, 0, 1, 25
]
------------
[
  12, 0, 0,  0, 0,
  18, 0, 1, 25
]
------------
[
  12, 0, 0,  0, 0,
  18, 0, 1, 25
]
------------
[
  12, 0, 0,  0, 0,
  18, 5, 1, 20
]
------------
[
  12, 0, 0,  0, 0,
  18, 5, 1, 20
]
------------
[
   0, 0, 0, 12, 0,
  18, 5, 1, 20
]
------------
[
   0, 0, 0, 12, 0,
  18, 5, 1, 20
]
------------
[
   0, 0, 0, 12, 0,
  18, 5, 1, 20
]
------------
[
   0, 0, 0, 12, 0,
  18, 5, 1, 20
]
------------
[
   0, 0, 0,  9, 0,
  18, 5, 1, 23
]
------------
[
   0, 0, 0,  9, 0,
  18, 5, 1, 23
]
------------
[
   0, 0, 5,  4, 0,
  18, 5, 1, 23
]
------------
[
   0, 0, 5,  4, 0,
  18, 5, 1, 23
]
------------
[
   0, 0, 9,  0, 0,
  18, 5, 1, 23
]
------------
[
   0, 0, 9,  0, 0,
  18, 5, 1, 23
]
------------
[
   0, 0, 9,  0, 0,
  18, 5, 1, 23
]
------------
[
   0, 0, 9,  0, 0,
  18, 5, 1, 23
]
------------
[
   0, 0, 9,  0, 0,
  18, 5, 1, 23
]
------------
[
   0, 0, 9,  0, 0,
  18, 5, 1, 23
]
------------
[
   0, 0, 7,  2, 0,
  18, 5, 1, 23
]
------------
[
   0, 0, 7,  2, 0,
  18, 5, 1, 23
]
------------
[
   0, 0, 7,  2, 0,
  18, 5, 1, 23
]
------------
[
   0, 0, 7,  2, 0,
  18, 5, 1, 23
]
------------
[
   0, 0, 7,  2, 0,
  18, 5, 1, 23
]
------------
[
   0, 0, 7,  2, 0,
  18, 5, 1, 23
]
------------
[
   0, 0, 7,  2, 4,
  18, 5, 1, 19
]
------------
[
   0, 0, 7,  2, 4,
  18, 5, 1, 19
]
------------
[
   0, 0, 7,  2, 4,
  18, 1, 1, 23
]
------------
[
   0, 0, 7,  2, 4,
  18, 1, 1, 23
]
------------
[
   1, 0, 7,  2, 4,
  18, 1, 1, 22
]
------------
[
   1, 0, 7,  2, 4,
  18, 1, 1, 22
]
------------
[
  12, 0, 7,  2, 4,
  18, 1, 1, 11
]
------------
[
  12, 0, 7,  2, 4,
  18, 1, 1, 11
]
------------
[
  12, 7, 0,  2, 4,
  18, 1, 1, 11
]
------------
[
  12, 7, 0,  2, 4,
  18, 1, 1, 11
]
------------
[
   7, 7, 0,  2, 4,
  18, 6, 1, 11
]
------------
[
   7, 7, 0,  2, 4,
  18, 6, 1, 11
]
------------
[
   7, 8, 0,  2, 3,
  18, 6, 1, 11
]
------------
[
   7, 8, 0,  2, 3,
  18, 6, 1, 11
]
------------
[
   7, 12, 0,  2, 3,
  18,  2, 1, 11
]
------------
[
   7, 12, 0,  2, 3,
  18,  2, 1, 11
]
------------
[
   7, 0, 0,  2, 15,
  18, 2, 1, 11
]
------------
[
   7, 0, 0,  2, 15,
  18, 2, 1, 11
]
------------
[
   7, 0, 0,  2, 15,
  18, 2, 1, 11
]
------------
[
   7, 0, 0,  2, 15,
  18, 2, 1, 11
]
------------
[
   7, 0, 0, 17, 0,
  18, 2, 1, 11
]
------------
[
   7, 0, 0, 17, 0,
  18, 2, 1, 11
]
------------
[
   7, 0, 0, 17, 0,
  18, 2, 1, 11
]
------------
[
   7, 0, 0, 17, 0,
  18, 2, 1, 11
]
------------
[
   7, 0, 0, 17, 0,
  18, 2, 1, 11
]
------------
[
   7, 0, 0, 17, 0,
  18, 2, 1, 11
]
------------
[
   6, 0, 0, 17, 0,
  18, 2, 2, 11
]
------------
[
   6, 0, 0, 17, 0,
  18, 2, 2, 11
]
------------
[
   6, 0, 0,  0, 0,
  18, 2, 2, 28
]
------------
[
   6, 0, 0,  0, 0,
  18, 2, 2, 28
]
------------
[
   6, 2, 0,  0, 0,
  16, 2, 2, 28
]
------------
[
   6, 2, 0,  0, 0,
  16, 2, 2, 28
]
------------
[
   6, 2, 0,  0, 0,
  16, 4, 2, 26
]
------------
[
   6, 2, 0,  0, 0,
  16, 4, 2, 26
]
------------
[
   6, 2, 0,  0, 2,
  16, 4, 0, 26
]
------------
[
   6, 2, 0,  0, 2,
  16, 4, 0, 26
]
------------
[
   6, 2, 0,  8, 2,
  16, 4, 0, 18
]
------------
[
   6, 2, 0,  8, 2,
  16, 4, 0, 18
]
------------
[
   7, 2, 0,  8, 2,
  16, 4, 0, 17
]
------------
[
   7, 2, 0,  8, 2,
  16, 4, 0, 17
]
------------
[
   7, 2, 0,  8, 2,
  16, 4, 0, 17
]
------------
[
   7, 2, 0,  8, 2,
  16, 4, 0, 17
]
------------
[
   7, 2, 0,  5, 2,
  16, 4, 3, 17
]
------------
[
   7, 2, 0,  5, 2,
  16, 4, 3, 17
]
------------
[
   7, 2, 0,  2, 2,
  19, 4, 3, 17
]
------------
[
   7, 2, 0,  2, 2,
  19, 4, 3, 17
]
------------
[
   7, 2, 0,  2, 2,
  19, 4, 3, 17
]
------------
[
   7, 2, 0,  2, 2,
  19, 4, 3, 17
]
------------
[
   7, 2, 0,  2, 2,
  19, 4, 3, 17
]
------------
[
   7, 2, 0,  2, 2,
  19, 4, 3, 17
]
------------
[
   7, 2, 0,  2, 2,
  15, 4, 7, 17
]
------------
[
   7, 2, 0,  2, 2,
  15, 4, 7, 17
]
------------
[
  13, 2, 0,  2, 2,
  15, 4, 7, 11
]
------------
[
  13, 2, 0,  2, 2,
  15, 4, 7, 11
]
------------
[
  13, 2, 0,  2, 0,
  15, 4, 9, 11
]
------------
[
  13, 2, 0,  2, 0,
  15, 4, 9, 11
]
------------
[
  13, 2, 0,  2, 0,
  15, 4, 9, 11
]
------------
[
  13, 2, 0,  2, 0,
  15, 4, 9, 11
]
------------
[
  12, 2, 0,  3, 0,
  15, 4, 9, 11
]
------------
[
  12, 2, 0,  3, 0,
  15, 4, 9, 11
]
------------
[
  12, 2, 0,  4, 0,
  15, 4, 9, 10
]
------------
[
  12, 2, 0,  4, 0,
  15, 4, 9, 10
]
------------
[
  12, 2, 0,  3, 0,
  15, 5, 9, 10
]
------------
[
  12, 2, 0,  3, 0,
  15, 5, 9, 10
]
------------
[
  12, 2, 3,  0, 0,
  15, 5, 9, 10
]
------------
[
  12, 2, 3,  0, 0,
  15, 5, 9, 10
]
------------
[
  12, 3, 3,  0, 0,
  15, 4, 9, 10
]
------------
[
  12, 3, 3,  0, 0,
  15, 4, 9, 10
]
------------
[
  12, 3, 3,  0, 0,
  16, 4, 8, 10
]
------------
[
  12, 3, 3,  0, 0,
  16, 4, 8, 10
]
------------
[
  12, 3, 4, 0, 0,
  16, 4, 8, 9
]
------------
[
  12, 3, 4, 0, 0,
  16, 4, 8, 9
]
------------
[
   9, 3, 4, 0, 0,
  16, 7, 8, 9
]
------------
[
   9, 3, 4, 0, 0,
  16, 7, 8, 9
]
------------
[
   7, 3, 4,  0, 0,
  16, 7, 8, 11
]
------------
[
   7, 3, 4,  0, 0,
  16, 7, 8, 11
]
------------
[
   7, 3, 4,  0, 0,
  16, 7, 8, 11
]
------------
[
   7, 3, 4,  0, 0,
  16, 7, 8, 11
]
------------
[
   7, 3,  0,  0, 0,
  16, 7, 12, 11
]
------------
[
   7, 3,  0,  0, 0,
  16, 7, 12, 11
]
------------
[
   5, 3,  0,  2, 0,
  16, 7, 12, 11
]
------------
[
   5, 3,  0,  2, 0,
  16, 7, 12, 11
]
------------
[
   5, 3,  0,  2, 0,
  16, 7, 12, 11
]
------------
[
   5, 3,  0,  2, 0,
  16, 7, 12, 11
]
------------
[
   5, 3,  0,  0, 0,
  16, 7, 14, 11
]
------------
[
   5, 3,  0,  0, 0,
  16, 7, 14, 11
]
------------
[
   5, 0,  3,  0, 0,
  16, 7, 14, 11
]
------------
[
   5, 0,  3,  0, 0,
  16, 7, 14, 11
]
------------
[
   5, 0,  3,  0, 1,
  16, 7, 13, 11
]
------------
[
   5, 0,  3,  0, 1,
  16, 7, 13, 11
]
------------
[
   5, 0,  1,  0, 1,
  16, 9, 13, 11
]
------------
[
   5, 0,  1,  0, 1,
  16, 9, 13, 11
]
------------
[
   4, 1,  1,  0, 1,
  16, 9, 13, 11
]
------------
[
   4, 1,  1,  0, 1,
  16, 9, 13, 11
]
------------
[
   3, 1,  1,  0, 1,
  16, 9, 13, 12
]
------------
[
   3, 1,  1,  0, 1,
  16, 9, 13, 12
]
------------
[
   3, 1,  1,  0, 1,
  16, 9, 13, 12
]
------------
[
   3, 1,  1,  0, 1,
  16, 9, 13, 12
]
------------
[
   3, 1,  1,  0, 1,
  17, 9, 12, 12
]
------------
[
   3, 1,  1,  0, 1,
  17, 9, 12, 12
]
------------
[
   3, 1,  0,  0, 2,
  17, 9, 12, 12
]
------------
[
   3, 1,  0,  0, 2,
  17, 9, 12, 12
]
------------
[
   3,  1,  0,  0, 0,
  17, 11, 12, 12
]
------------
[
   3,  1,  0,  0, 0,
  17, 11, 12, 12
]
------------
[
   3,  1,  0,  0, 0,
  17, 11, 12, 12
]
------------
[
   3,  1,  0,  0, 0,
  17, 11, 12, 12
]
------------
[
   3,  1,  0,  0, 0,
  16, 11, 13, 12
]
------------
[
   3,  1,  0,  0, 0,
  16, 11, 13, 12
]
------------
[
   0,  1,  0,  0, 0,
  19, 11, 13, 12
]
------------
[
   0,  1,  0,  0, 0,
  19, 11, 13, 12
]
------------
[
   1,  0,  0,  0, 0,
  19, 11, 13, 12
]
------------
[
   1,  0,  0,  0, 0,
  19, 11, 13, 12
]
------------
[
   1,  0,  2,  0, 0,
  17, 11, 13, 12
]
------------
[
   1,  0,  2,  0, 0,
  17, 11, 13, 12
]
------------
[
   1,  0,  2,  0, 0,
  17, 11, 13, 12
]
------------
[
   1,  0,  2,  0, 0,
  17, 11, 13, 12
]
------------
[
   1,  0,  2,  0, 0,
  18, 11, 12, 12
]
------------
[
   1,  0,  2,  0, 0,
  18, 11, 12, 12
]
------------
[
   2,  0,  2,  0, 0,
  18, 11, 12, 11
]
------------
[
   2,  0,  2,  0, 0,
  18, 11, 12, 11
]
------------
[
   2,  0, 2,  0, 0,
  25, 11, 5, 11
]
------------
[
   2,  0, 2,  0, 0,
  25, 11, 5, 11
]
------------
[
   2,  0, 2,  0, 0,
  25, 11, 5, 11
]
------------
[
   2,  0, 2,  0, 0,
  25, 11, 5, 11
]
------------
[
   2,  0, 2,  0, 0,
  25, 11, 5, 11
]
------------
[
   2,  0, 2,  0, 0,
  25, 11, 5, 11
]
------------
[
   2,  0, 7,  0, 0,
  25, 11, 0, 11
]
------------
[
   2,  0, 7,  0, 0,
  25, 11, 0, 11
]
------------
[
   5,  0, 7,  0, 0,
  22, 11, 0, 11
]
------------
[
   5,  0, 7,  0, 0,
  22, 11, 0, 11
]
------------
[
   5,  0, 6,  0, 0,
  23, 11, 0, 11
]
------------
[
   5,  0, 6,  0, 0,
  23, 11, 0, 11
]
------------
[
   5,  0, 1,  0, 0,
  23, 11, 5, 11
]
------------
[
   5,  0, 1,  0, 0,
  23, 11, 5, 11
]
------------
[
   5,  0, 1, 0, 0,
  23, 16, 5, 6
]
------------
[
   5,  0, 1, 0, 0,
  23, 16, 5, 6
]
------------
[
   5,  0, 1, 0, 0,
  23, 16, 5, 6
]
------------
[
   5,  0, 1, 0, 0,
  23, 16, 5, 6
]
------------
[
   5, 0,  1, 0, 0,
  23, 7, 14, 6
]
------------
[
   5, 0,  1, 0, 0,
  23, 7, 14, 6
]
------------
[
   5, 0,  1, 2, 0,
  23, 7, 14, 4
]
------------
[
   5, 0,  1, 2, 0,
  23, 7, 14, 4
]
------------
[
   5, 0,  1, 0, 0,
  25, 7, 14, 4
]
------------
[
   5, 0,  1, 0, 0,
  25, 7, 14, 4
]
------------
[
   5, 0,  1, 0, 0,
  26, 6, 14, 4
]
------------
[
   5, 0,  1, 0, 0,
  26, 6, 14, 4
]
------------
[
   5, 0,  1, 0, 3,
  23, 6, 14, 4
]
------------
[
   5, 0,  1, 0, 3,
  23, 6, 14, 4
]
------------
[
   5, 0,  1, 0, 7,
  23, 6, 14, 0
]
------------
[
   5, 0,  1, 0, 7,
  23, 6, 14, 0
]
------------
[
  11, 0,  1, 0, 1,
  23, 6, 14, 0
]
------------
[
  11, 0,  1, 0, 1,
  23, 6, 14, 0
]
------------
[
  11, 0,  1, 0, 1,
  23, 2, 14, 4
]
------------
[
  11, 0,  1, 0, 1,
  23, 2, 14, 4
]
------------
[
  11, 0,  2, 0, 1,
  23, 2, 13, 4
]
------------
[
  11, 0,  2, 0, 1,
  23, 2, 13, 4
]
------------
[
  11, 0,  2, 0, 1,
  23, 3, 12, 4
]
------------
[
  11, 0,  2, 0, 1,
  23, 3, 12, 4
]
------------
[
  11, 0,  2, 0, 1,
  22, 4, 12, 4
]
------------
[
  11, 0,  2, 0, 1,
  22, 4, 12, 4
]
------------
[
  11, 0,  2, 0, 1,
  23, 4, 12, 3
]
------------
[
  11, 0,  2, 0, 1,
  23, 4, 12, 3
]
------------
[
  11, 0,  2, 0, 1,
  23, 4, 12, 3
]
------------
[
  11, 0,  2, 0, 1,
  23, 4, 12, 3
]
------------
[
  11, 0,  2, 1, 0,
  23, 4, 12, 3
]
------------
[
  11, 0,  2, 1, 0,
  23, 4, 12, 3
]
------------
[
  11, 0,  0, 1, 0,
  23, 4, 12, 5
]
[
  [
    'C', 'R', 'M', 'T',
    'Q', 'D', 'L', 'C',
    'G', 'H', 'P'
  ],
  [],
  [],
  [ 'D' ],
  [],
  [
    'T', 'C', 'H', 'J', 'G',
    'S', 'J', 'G', 'R', 'M',
    'N', 'N', 'H', 'P', 'F',
    'D', 'J', 'V', 'B', 'V',
    'L', 'T', 'F'
  ],
  [ 'G', 'W', 'P', 'L' ],
  [
    'F', 'V', 'Z', 'F',
    'S', 'H', 'C', 'N',
    'T', 'V', 'Z', 'F'
  ],
  [ 'N', 'R', 'M', 'Q', 'H' ]
]
The crates at the top are CDTGFN
